0 0.299337 0.857587 0.263682 0.170398
0 0.507877 0.699005 0.214760 0.131841
0 0.424544 0.603234 0.194030 0.119403
0 0.240050 0.542289 0.173300 0.079602
0 0.200249 0.479478 0.130182 0.080846
0 0.313847 0.412313 0.115257 0.105721
0 0.418740 0.491294 0.144279 0.092040
0 0.598673 0.484453 0.131012 0.108209
0 0.656716 0.590796 0.169154 0.131841
0 0.856551 0.513682 0.122720 0.104478
0 0.835821 0.760572 0.328358 0.282338
0 0.695688 0.342040 0.066335 0.067164
0 0.859453 0.401741 0.092040 0.062189
0 0.619818 0.312189 0.058872 0.054726
0 0.564262 0.306592 0.065506 0.048507