2 0.453944 0.841418 0.067217 0.140547
2 0.520331 0.854478 0.050620 0.114428
2 0.641902 0.808458 0.054769 0.099502
2 0.832349 0.888682 0.062238 0.125622
2 0.934419 0.840796 0.039002 0.121891
2 0.760568 0.723881 0.038172 0.116915
2 0.575930 0.685323 0.042322 0.089552
2 0.516597 0.709577 0.028214 0.100746
2 0.630284 0.678483 0.036513 0.085821
2 0.871351 0.600124 0.032364 0.083333
2 0.793762 0.564055 0.031534 0.090796
2 0.833594 0.550373 0.029874 0.073383
2 0.729449 0.562811 0.029044 0.090796
2 0.902055 0.522388 0.032364 0.069652
2 0.957654 0.476368 0.024065 0.054726
2 0.911183 0.430348 0.034023 0.084577
2 0.866372 0.398632 0.024065 0.058458
1 0.522820 0.949627 0.057259 0.083333
1 0.638582 0.883706 0.056429 0.078358
1 0.748536 0.800373 0.047301 0.075871
1 0.572611 0.751866 0.048960 0.075871
1 0.874671 0.666667 0.058918 0.062189
1 0.795006 0.616294 0.040662 0.058458
1 0.901640 0.576493 0.034853 0.050995
0 0.285488 0.878731 0.198331 0.242537
0 0.619911 0.551617 0.125305 0.133085
0 0.596676 0.474502 0.095431 0.093284
0 0.599165 0.401741 0.080494 0.097015
0 0.552695 0.343905 0.065557 0.078358
0 0.957654 0.320896 0.068876 0.104478