0 0.133675 0.547886 0.216791 0.506219
0 0.539179 0.480721 0.142351 0.167910
0 0.735728 0.406095 0.126679 0.135572
0 0.319123 0.414179 0.097948 0.206468
1 0.604804 0.694652 0.045056 0.185323
1 0.312593 0.809701 0.044403 0.184080
1 0.071968 0.918532 0.052892 0.155473
2 0.423927 0.770522 0.058116 0.095771
2 0.537547 0.776741 0.068563 0.162935
2 0.627659 0.868781 0.052892 0.128109
2 0.741278 0.863806 0.063340 0.170398
2 0.435681 0.935945 0.058116 0.128109
2 0.522528 0.898632 0.069869 0.123134
2 0.356343 0.897388 0.066604 0.155473
2 0.267537 0.923507 0.073134 0.133085
2 0.171875 0.941542 0.068563 0.104478
2 0.937174 0.883706 0.094683 0.128109
2 0.889506 0.580846 0.039832 0.126866
2 0.835634 0.542289 0.036567 0.094527