0 0.262023 0.751244 0.131012 0.191542
0 0.463516 0.694030 0.131012 0.154229
0 0.615672 0.555348 0.140133 0.143035
0 0.428275 0.527363 0.135158 0.144279
0 0.243367 0.583955 0.163350 0.167910
0 0.071310 0.503731 0.082919 0.131841
0 0.371891 0.353856 0.097015 0.093284
0 0.511194 0.354478 0.092040 0.089552
0 0.231758 0.391169 0.090381 0.088308
0 0.247098 0.305348 0.099502 0.088308
0 0.349917 0.269900 0.081260 0.092040
0 0.461857 0.302239 0.074627 0.089552
0 0.726368 0.746269 0.159204 0.184080
0 0.566335 0.893035 0.243781 0.213930
0 0.245854 0.901741 0.179934 0.184080
0 0.630182 0.303483 0.071310 0.064677
0 0.738391 0.389303 0.072139 0.087065
0 0.716833 0.280473 0.063847 0.063433
0 0.681592 0.238806 0.061360 0.094527
0 0.849088 0.279229 0.116086 0.085821