0 0.381230 0.794776 0.103873 0.223881
0 0.557171 0.784826 0.096626 0.216418
0 0.804775 0.766169 0.124809 0.246269
0 0.564015 0.484453 0.063612 0.095771
0 0.435985 0.499378 0.055560 0.100746
0 0.402569 0.569030 0.066028 0.110697
0 0.409816 0.660448 0.074080 0.139303
0 0.560391 0.396144 0.083743 0.058458
0 0.638900 0.373756 0.071664 0.083333
1 0.723448 0.888060 0.045897 0.124378
1 0.655005 0.868159 0.042677 0.134328
1 0.454103 0.868781 0.028988 0.128109
1 0.286214 0.873756 0.047508 0.125622
1 0.233070 0.848259 0.026572 0.109453
1 0.179523 0.873756 0.037040 0.130597
1 0.131612 0.837687 0.033014 0.115672
1 0.075247 0.848259 0.041066 0.111940
1 0.039415 0.802239 0.035430 0.099502
2 0.463363 0.782960 0.031404 0.058458
2 0.649771 0.783582 0.041871 0.062189
2 0.720227 0.804104 0.036235 0.063433
2 0.652186 0.723259 0.033819 0.048507
2 0.698889 0.692786 0.027377 0.067164
2 0.654199 0.667910 0.021741 0.059701
2 0.191199 0.782960 0.021741 0.058458
2 0.239512 0.768035 0.031404 0.063433
2 0.289033 0.784826 0.032209 0.037313
2 0.144496 0.756841 0.026572 0.058458
2 0.111482 0.726990 0.026572 0.063433