0 0.711134 0.883085 0.209889 0.233830
0 0.633981 0.628731 0.219845 0.322139
0 0.574249 0.407338 0.098723 0.170398
0 0.660943 0.230100 0.082960 0.101990
0 0.161522 0.802861 0.091256 0.085821
0 0.162352 0.923507 0.119463 0.130597
1 0.860877 0.641791 0.059731 0.106965
1 0.958770 0.771144 0.054754 0.101990
1 0.767132 0.473881 0.031525 0.087065
1 0.813175 0.450871 0.030695 0.080846
1 0.658039 0.462065 0.040650 0.085821
1 0.676705 0.370025 0.038162 0.060945
1 0.146590 0.493781 0.028206 0.059701
2 0.491289 0.937189 0.043969 0.115672
2 0.400863 0.949005 0.038991 0.101990
2 0.324954 0.960199 0.046458 0.079602
2 0.351501 0.822761 0.041480 0.115672
2 0.508296 0.810945 0.031525 0.106965
2 0.464742 0.789801 0.035673 0.111940
2 0.403351 0.754975 0.037332 0.099502
2 0.461424 0.654851 0.038991 0.115672
2 0.396715 0.663557 0.035673 0.093284
2 0.361456 0.636194 0.034843 0.113184
2 0.412892 0.532338 0.024888 0.084577