0 0.906877 0.715174 0.092811 0.101990
0 0.405532 0.543532 0.072923 0.121891
0 0.581624 0.664179 0.055521 0.074627
1 0.537290 0.855721 0.043091 0.089552
1 0.449866 0.853856 0.033975 0.103234
1 0.298633 0.842040 0.044748 0.101990
1 0.219081 0.811567 0.041433 0.098259
1 0.345868 0.816542 0.031489 0.095771
1 0.390616 0.724502 0.026517 0.063433
1 0.481355 0.750000 0.027346 0.067164
1 0.632587 0.783582 0.067951 0.072139
1 0.758130 0.817786 0.075409 0.078358
1 0.430392 0.690299 0.029832 0.064677
1 0.264244 0.755597 0.035633 0.070896
2 0.557593 0.753109 0.040605 0.060945
2 0.536047 0.789801 0.037290 0.047264
2 0.482184 0.697761 0.022374 0.039801
2 0.452766 0.781095 0.033147 0.059701
2 0.425005 0.758085 0.027346 0.046020
2 0.346696 0.753731 0.031489 0.062189
2 0.299462 0.779851 0.028175 0.074627
2 0.214523 0.715174 0.027346 0.052239
2 0.266315 0.689055 0.019888 0.062189