0 0.402052 0.702736 0.114739 0.176617
0 0.329291 0.879353 0.159515 0.241294
0 0.280317 0.615050 0.107743 0.190299
0 0.429338 0.542289 0.076959 0.146766
0 0.640975 0.739428 0.135028 0.152985
0 0.793843 0.760572 0.134328 0.187811
0 0.615438 0.606343 0.106343 0.105721
0 0.603545 0.526741 0.093750 0.080846
0 0.665462 0.911070 0.165812 0.165423
0 0.693447 0.477612 0.073461 0.077114
0 0.594450 0.459577 0.078358 0.073383
0 0.817980 0.569652 0.090252 0.129353
0 0.782999 0.469527 0.076259 0.098259
0 0.659165 0.394279 0.074860 0.099502
0 0.588503 0.398010 0.070662 0.087065
0 0.350979 0.459577 0.064366 0.090796
0 0.289762 0.434080 0.049674 0.092040
0 0.451376 0.419154 0.045476 0.079602
0 0.376866 0.414801 0.051772 0.090796