0 0.213925 0.386816 0.202861 0.223881
0 0.519044 0.355100 0.283177 0.242537
2 0.839481 0.584577 0.067896 0.144279
2 0.728943 0.506841 0.065412 0.130597
2 0.937186 0.486940 0.079488 0.128109
2 0.528566 0.725124 0.091908 0.126866
2 0.357998 0.667910 0.077004 0.111940
2 0.239179 0.674129 0.069552 0.131841
2 0.164659 0.579602 0.069552 0.109453
2 0.078547 0.508706 0.076176 0.106965
2 0.367934 0.513682 0.058788 0.111940
2 0.068611 0.406716 0.071208 0.092040
2 0.349717 0.343284 0.050508 0.104478
2 0.704931 0.307836 0.048852 0.113184
1 0.250771 0.833333 0.076176 0.191542
1 0.363794 0.805970 0.085284 0.199005
1 0.534776 0.881219 0.096048 0.210199
1 0.841551 0.730721 0.085284 0.190299
1 0.733083 0.631841 0.062100 0.174129
1 0.959128 0.604478 0.070380 0.141791
1 0.066541 0.642413 0.078660 0.167910
1 0.296311 0.196517 0.044712 0.092040
1 0.502070 0.179726 0.048852 0.100746