0 0.257877 0.662935 0.066335 0.114428
0 0.322139 0.604478 0.060531 0.116915
0 0.528607 0.613806 0.055556 0.138060
0 0.693615 0.653607 0.095357 0.133085
0 0.778607 0.869403 0.145937 0.256219
0 0.839967 0.631219 0.092869 0.103234
0 0.929934 0.812811 0.097015 0.128109
0 0.374793 0.735075 0.087894 0.151741
0 0.415423 0.527985 0.063018 0.120647
0 0.502902 0.468284 0.073798 0.123134
0 0.626036 0.511194 0.094527 0.233831
0 0.777778 0.472637 0.084577 0.149254
0 0.914594 0.422886 0.081260 0.079602
0 0.522388 0.391791 0.056385 0.062189
0 0.594527 0.345771 0.072968 0.052239
0 0.448176 0.363806 0.045605 0.073383
0 0.340381 0.368159 0.068823 0.156716