0 0.258209 0.783582 0.122388 0.246269
2 0.413060 0.728234 0.142537 0.279851
0 0.652985 0.830224 0.155224 0.339552
0 0.473507 0.516169 0.139552 0.159204
0 0.339925 0.491915 0.102239 0.145522
0 0.235075 0.524876 0.134328 0.151741
0 0.183209 0.623756 0.138060 0.143035
0 0.102612 0.491294 0.099254 0.159204
0 0.159328 0.365050 0.103731 0.110697
0 0.293284 0.377488 0.089552 0.105721
0 0.240672 0.299129 0.094776 0.090796
0 0.049627 0.286692 0.075373 0.095771
0 0.580970 0.389925 0.061940 0.133085
0 0.688433 0.420398 0.058955 0.151741
0 0.793284 0.325249 0.140299 0.133085
1 0.773134 0.917289 0.056716 0.143035
1 0.979851 0.777985 0.035821 0.125622
1 0.949254 0.608831 0.034328 0.095771
1 0.926866 0.511816 0.020896 0.075871
1 0.970522 0.391169 0.023134 0.063433